
4
[[1,2],[3,6],[4,3],[6,7]]
12

4
[[3,2],[4,3],[5,3],[6,7]]
10

5
[[1,2], [3,4], [5,1], [8,9], [6,4]]
10

5
[[1,2], [3,4], [5,1], [8,9], [6,4]]
0

5
[[1,27], [3,69], [5,20], [8,91], [6,10]]
5

10
[[1,27], [3,69], [5,20], [8,91], [6,10],[60, 27],[52, 69], [76, 20], [16, 91], [42, 10]]
50

9
[[4, 5], [5,6], [1, 10], [2,3], [7,10], [8,9], [2,4], [3,12], [7,14]]
100

3
[[3,3], [2,3], [5,3]]
8

7
[[1,2], [3,4], [5,1], [8,9], [6,4], [10, 11], [12, 13]]
45

15
[[1,2], [3,4], [5,1], [8,9], [6,4], [10, 11], [12, 13], [14, 15], [16, 17], [18, 19], [20, 21], [22, 23], [24, 25], [26, 27], [28, 29]]
75